function out = Phon2SoneTV2015( in )

SonePhone = [ 0.000535 0
0.000563 0.1
0.000592 0.2
0.000623 0.3
0.000656 0.4
0.000690 0.5
0.000726 0.6
0.000764 0.7
0.000803 0.8
0.000844 0.9
0.000888 1
0.000933 1.1
0.000981 1.2
0.001031 1.3
0.001083 1.4
0.001138 1.5
0.001195 1.6
0.001255 1.7
0.001318 1.8
0.001384 1.9
0.001452 2
0.001524 2.1
0.001600 2.2
0.001678 2.3
0.001761 2.4
0.001846 2.5
0.001936 2.6
0.002032 2.7
0.002130 2.8
0.002233 2.9
0.002339 3
0.002451 3.1
0.002567 3.2
0.002689 3.3
0.002815 3.4
0.002947 3.5
0.003085 3.6
0.003228 3.7
0.003377 3.8
0.003533 3.9
0.003695 4
0.003863 4.1
0.004039 4.2
0.004221 4.3
0.004411 4.4
0.004609 4.5
0.004814 4.6
0.005027 4.7
0.005249 4.8
0.005479 4.9
0.005718 5
0.005966 5.1
0.006224 5.2
0.006491 5.3
0.006768 5.4
0.007056 5.5
0.007354 5.6
0.007663 5.7
0.007983 5.8
0.008315 5.9
0.008658 6
0.009006 6.1
0.009326 6.2
0.009657 6.3
0.009999 6.4
0.010351 6.5
0.010716 6.6
0.011056 6.7
0.011394 6.8
0.011743 6.9
0.012080 7
0.012402 7.1
0.012732 7.2
0.013071 7.3
0.013419 7.4
0.013777 7.5
0.014145 7.6
0.014522 7.7
0.014909 7.8
0.015307 7.9
0.015715 8
0.016134 8.1
0.016564 8.2
0.017006 8.3
0.017459 8.4
0.017924 8.5
0.018401 8.6
0.018863 8.7
0.019315 8.8
0.019778 8.9
0.020251 9
0.020689 9.1
0.021135 9.2
0.021591 9.3
0.022057 9.4
0.022532 9.5
0.023017 9.6
0.023512 9.7
0.024018 9.8
0.024534 9.9
0.025061 10
0.025598 10.1
0.026147 10.2
0.026707 10.3
0.027279 10.4
0.027862 10.5
0.028458 10.6
0.029065 10.7
0.029685 10.8
0.030318 10.9
0.030972 11
0.031631 11.1
0.032304 11.2
0.032990 11.3
0.033690 11.4
0.034404 11.5
0.035133 11.6
0.035876 11.7
0.036634 11.8
0.037403 11.9
0.038104 12
0.038807 12.1
0.039521 12.2
0.040246 12.3
0.040983 12.4
0.041732 12.5
0.042493 12.6
0.043266 12.7
0.044051 12.8
0.044849 12.9
0.045659 13
0.046482 13.1
0.047318 13.2
0.048167 13.3
0.049030 13.4
0.049906 13.5
0.050796 13.6
0.051700 13.7
0.052618 13.8
0.053551 13.9
0.054498 14
0.055460 14.1
0.056437 14.2
0.057429 14.3
0.058436 14.4
0.059459 14.5
0.060498 14.6
0.061553 14.7
0.062625 14.8
0.063712 14.9
0.064817 15
0.065939 15.1
0.067078 15.2
0.068234 15.3
0.069373 15.4
0.070516 15.5
0.071676 15.6
0.072851 15.7
0.074044 15.8
0.075231 15.9
0.076404 16
0.077591 16.1
0.078793 16.2
0.080010 16.3
0.081242 16.4
0.082489 16.5
0.083751 16.6
0.085033 16.7
0.086327 16.8
0.087636 16.9
0.088962 17
0.090303 17.1
0.091661 17.2
0.093035 17.3
0.094426 17.4
0.095834 17.5
0.097259 17.6
0.098702 17.7
0.100162 17.8
0.101639 17.9
0.103136 18
0.104650 18.1
0.106182 18.2
0.107733 18.3
0.109302 18.4
0.110891 18.5
0.112499 18.6
0.114126 18.7
0.115774 18.8
0.117441 18.9
0.119128 19
0.120836 19.1
0.122527 19.2
0.124227 19.3
0.125947 19.4
0.127687 19.5
0.129445 19.6
0.131223 19.7
0.133021 19.8
0.134818 19.9
0.1366 20
0.1384 20.1
0.1402 20.2
0.1421 20.3
0.1439 20.4
0.1458 20.5
0.1477 20.6
0.1496 20.7
0.1515 20.8
0.1535 20.9
0.1554 21
0.1574 21.1
0.1594 21.2
0.1615 21.3
0.1635 21.4
0.1656 21.5
0.1677 21.6
0.1698 21.7
0.1719 21.8
0.1741 21.9
0.1763 22
0.1785 22.1
0.1807 22.2
0.1829 22.3
0.1852 22.4
0.1875 22.5
0.1898 22.6
0.1921 22.7
0.1945 22.8
0.1968 22.9
0.1993 23
0.2017 23.1
0.2041 23.2
0.2066 23.3
0.2090 23.4
0.2115 23.5
0.2140 23.6
0.2165 23.7
0.2190 23.8
0.2215 23.9
0.2241 24
0.2266 24.1
0.2292 24.2
0.2318 24.3
0.2344 24.4
0.2371 24.5
0.2397 24.6
0.2424 24.7
0.2451 24.8
0.2479 24.9
0.2506 25
0.2534 25.1
0.2562 25.2
0.2591 25.3
0.2619 25.4
0.2648 25.5
0.2677 25.6
0.2707 25.7
0.2736 25.8
0.2766 25.9
0.2796 26
0.2827 26.1
0.2857 26.2
0.2888 26.3
0.2919 26.4
0.2951 26.5
0.2983 26.6
0.3015 26.7
0.3047 26.8
0.3079 26.9
0.3112 27
0.3146 27.1
0.3179 27.2
0.3212 27.3
0.3246 27.4
0.3280 27.5
0.3313 27.6
0.3347 27.7
0.3381 27.8
0.3416 27.9
0.3450 28
0.3485 28.1
0.3520 28.2
0.3556 28.3
0.3591 28.4
0.3627 28.5
0.3664 28.6
0.3700 28.7
0.3737 28.8
0.3774 28.9
0.3812 29
0.3850 29.1
0.3888 29.2
0.3926 29.3
0.3965 29.4
0.4004 29.5
0.4043 29.6
0.4083 29.7
0.4122 29.8
0.4163 29.9
0.4203 30
0.4244 30.1
0.4285 30.2
0.4327 30.3
0.4369 30.4
0.4410 30.5
0.4452 30.6
0.4495 30.7
0.4537 30.8
0.4580 30.9
0.4623 31
0.4667 31.1
0.4711 31.2
0.4755 31.3
0.4800 31.4
0.4845 31.5
0.4890 31.6
0.4935 31.7
0.4981 31.8
0.5028 31.9
0.5074 32
0.5121 32.1
0.5168 32.2
0.5215 32.3
0.5263 32.4
0.5311 32.5
0.5359 32.6
0.5408 32.7
0.5457 32.8
0.5506 32.9
0.5556 33
0.5606 33.1
0.5657 33.2
0.5707 33.3
0.5758 33.4
0.5809 33.5
0.5861 33.6
0.5912 33.7
0.5965 33.8
0.6017 33.9
0.6070 34
0.6123 34.1
0.6177 34.2
0.6231 34.3
0.6285 34.4
0.6340 34.5
0.6395 34.6
0.6451 34.7
0.6507 34.8
0.6563 34.9
0.6620 35
0.6677 35.1
0.6735 35.2
0.6793 35.3
0.6851 35.4
0.6910 35.5
0.6970 35.6
0.7029 35.7
0.7090 35.8
0.7150 35.9
0.7211 36
0.7273 36.1
0.7334 36.2
0.7396 36.3
0.7458 36.4
0.7521 36.5
0.7584 36.6
0.7648 36.7
0.7711 36.8
0.7775 36.9
0.7840 37
0.7905 37.1
0.7970 37.2
0.8036 37.3
0.8102 37.4
0.8169 37.5
0.8236 37.6
0.8303 37.7
0.8371 37.8
0.8440 37.9
0.8509 38
0.8578 38.1
0.8648 38.2
0.8719 38.3
0.8790 38.4
0.8861 38.5
0.8933 38.6
0.9005 38.7
0.9078 38.8
0.9151 38.9
0.9224 39
0.9298 39.1
0.9372 39.2
0.9447 39.3
0.9522 39.4
0.9598 39.5
0.9674 39.6
0.9751 39.7
0.9829 39.8
0.9906 39.9
0.9985 40
1.0064 40.1
1.0143 40.2
1.0223 40.3
1.0304 40.4
1.0385 40.5
1.0467 40.6
1.0549 40.7
1.0632 40.8
1.0715 40.9
1.0799 41
1.0884 41.1
1.0969 41.2
1.1054 41.3
1.1139 41.4
1.1226 41.5
1.1312 41.6
1.1399 41.7
1.1487 41.8
1.1575 41.9
1.1663 42
1.1753 42.1
1.1842 42.2
1.1933 42.3
1.2024 42.4
1.2115 42.5
1.2208 42.6
1.2300 42.7
1.2394 42.8
1.2488 42.9
1.2582 43
1.2678 43.1
1.2774 43.2
1.2870 43.3
1.2967 43.4
1.3065 43.5
1.3164 43.6
1.3262 43.7
1.3361 43.8
1.3461 43.9
1.3562 44
1.3663 44.1
1.3765 44.2
1.3867 44.3
1.3970 44.4
1.4074 44.5
1.4178 44.6
1.4283 44.7
1.4389 44.8
1.4496 44.9
1.4603 45
1.4711 45.1
1.4820 45.2
1.4929 45.3
1.5039 45.4
1.5150 45.5
1.5262 45.6
1.5374 45.7
1.5487 45.8
1.5600 45.9
1.5714 46
1.5829 46.1
1.5944 46.2
1.6060 46.3
1.6177 46.4
1.6295 46.5
1.6413 46.6
1.6532 46.7
1.6651 46.8
1.6772 46.9
1.6893 47
1.7014 47.1
1.7137 47.2
1.7261 47.3
1.7385 47.4
1.7510 47.5
1.7636 47.6
1.7763 47.7
1.7890 47.8
1.8018 47.9
1.8146 48
1.8276 48.1
1.8406 48.2
1.8537 48.3
1.8669 48.4
1.8801 48.5
1.8935 48.6
1.9069 48.7
1.9204 48.8
1.9340 48.9
1.9478 49
1.9615 49.1
1.9754 49.2
1.9894 49.3
2.0035 49.4
2.0176 49.5
2.0319 49.6
2.0462 49.7
2.0606 49.8
2.0750 49.9
2.0896 50
2.1042 50.1
2.1190 50.2
2.1338 50.3
2.1487 50.4
2.1637 50.5
2.1789 50.6
2.1941 50.7
2.2094 50.8
2.2248 50.9
2.2403 51
2.2560 51.1
2.2717 51.2
2.2875 51.3
2.3035 51.4
2.3195 51.5
2.3355 51.6
2.3516 51.7
2.3678 51.8
2.3842 51.9
2.4006 52
2.4171 52.1
2.4338 52.2
2.4505 52.3
2.4674 52.4
2.4844 52.5
2.5014 52.6
2.5186 52.7
2.5359 52.8
2.5533 52.9
2.5708 53
2.5885 53.1
2.6062 53.2
2.6240 53.3
2.6419 53.4
2.6599 53.5
2.6781 53.6
2.6963 53.7
2.7147 53.8
2.7332 53.9
2.7518 54
2.7705 54.1
2.7893 54.2
2.8083 54.3
2.8274 54.4
2.8466 54.5
2.8660 54.6
2.8854 54.7
2.9050 54.8
2.9246 54.9
2.9444 55
2.9643 55.1
2.9843 55.2
3.0045 55.3
3.0248 55.4
3.0452 55.5
3.0657 55.6
3.0864 55.7
3.1073 55.8
3.1282 55.9
3.1493 56
3.1705 56.1
3.1919 56.2
3.2134 56.3
3.2349 56.4
3.2566 56.5
3.2784 56.6
3.3004 56.7
3.3225 56.8
3.3447 56.9
3.3671 57
3.3896 57.1
3.4122 57.2
3.4351 57.3
3.4580 57.4
3.4811 57.5
3.5044 57.6
3.5277 57.7
3.5512 57.8
3.5748 57.9
3.5986 58
3.6226 58.1
3.6467 58.2
3.6709 58.3
3.6953 58.4
3.7199 58.5
3.7447 58.6
3.7696 58.7
3.7946 58.8
3.8198 58.9
3.8451 59
3.8706 59.1
3.8962 59.2
3.9220 59.3
3.9480 59.4
3.9741 59.5
4.0005 59.6
